# Created by Octave 7.3.0, Sun Dec 11 18:57:28 2022 GMT <unknown@LAPTOP-7SB0F5UM>
# name: monkey_activity
# type: matrix
# rows: 1
# columns: 8
 6020 842 11998 5985 6257 5858 11753 11999


